   0.0000000e+00   0.0000000e+00   9.1136250e-05   1.1193541e-02   3.3761406e-02
   0.0000000e+00   0.0000000e+00  -2.9962500e-05   1.1183669e-02   3.2546004e-02
   1.4958485e-02   1.4958485e-02   1.3670625e-05   1.1370019e-02   3.5161871e-02
   2.8574410e-02   2.8574410e-02  -8.4922069e-03   1.7661792e-01   2.8646525e-01
   1.7574569e-02   1.7574569e-02  -7.6226850e-03   2.9082524e-01   4.5521677e-01
   1.0463123e-02   1.0463123e-02  -7.1016862e-03   6.2013320e-02   1.4280777e-01
   2.4450151e-02   2.4450151e-02  -2.8078275e-03   7.4794583e-02   1.4665613e-01
   0.0000000e+00   0.0000000e+00  -2.1284250e-04   1.6358554e-02   6.5807616e-02
   2.1334498e-02   2.1334498e-02   8.0147944e-03   1.6962927e-02   6.0451747e-02
   0.0000000e+00   0.0000000e+00   5.9131425e-03   2.0881227e-02   6.8828601e-02
   3.6652789e-02   3.6652789e-02   1.2368698e-02   7.5376807e-02   1.7240034e-01
   0.0000000e+00   0.0000000e+00   2.1265967e-02   1.0890477e-01   2.2075658e-01
   0.0000000e+00   0.0000000e+00   2.7100264e-02   1.2772258e-01   3.1595172e-01
   0.0000000e+00   0.0000000e+00   2.6970810e-02   1.3593664e-01   2.8517073e-01
   1.2259581e-02   1.2259581e-02   1.5619138e-02   9.4248400e-02   2.7560760e-01
   6.5261147e-02   6.5261147e-02   1.8219951e-02   7.4966242e-02   2.3026991e-01
   4.8390233e-02   4.8390233e-02   9.6347119e-03   1.0098330e-01   3.0735567e-01
   7.4519630e-02   7.4519630e-02   2.1285906e-02   1.1201513e-01   3.5317536e-01
   0.0000000e+00   0.0000000e+00   2.7590520e-02   1.0055419e-01   3.2176098e-01
   2.0791944e-02   2.0791944e-02   1.6477512e-01   3.5752657e-01   6.8443692e-01
