   0.0000000e+00   0.0000000e+00   6.0173077e-05   1.3284650e-02   6.9130734e-02
   0.0000000e+00   0.0000000e+00  -5.9382115e-04   1.3349652e-02   6.0625272e-02
   1.4958485e-02   1.4958485e-02  -5.4833654e-05   1.3508640e-02   5.5600356e-02
   2.8574410e-02   2.8574410e-02   4.4519740e-03   1.4549055e-02   6.6377221e-02
   1.7574569e-02   1.7574569e-02   1.0410242e-02   1.5368617e-02   6.4817028e-02
   1.0463123e-02   1.0463123e-02   6.6654808e-03   1.0235964e-01   2.0377765e-01
   2.4450151e-02   2.4450151e-02   7.5052788e-03   1.1248342e-01   1.9846976e-01
   0.0000000e+00   0.0000000e+00   5.4895442e-03   1.6139438e-02   6.1267099e-02
   2.1334498e-02   2.1334498e-02   3.7474875e-03   1.3518991e-02   5.3833419e-02
   0.0000000e+00   0.0000000e+00   6.0693000e-03   1.7544248e-02   8.2250068e-02
   3.6652789e-02   3.6652789e-02   4.5560567e-03   1.0644066e-01   1.9826207e-01
   0.0000000e+00   0.0000000e+00   1.4946779e-03   1.5734195e-01   2.8874531e-01
   0.0000000e+00   0.0000000e+00  -2.5580654e-03   2.0540940e-01   3.5844410e-01
   0.0000000e+00   0.0000000e+00  -2.5083981e-03   2.1752218e-01   3.4280007e-01
   1.2259581e-02   1.2259581e-02   7.2498202e-03   1.3222563e-01   2.9109430e-01
   6.5261147e-02   6.5261147e-02   3.4582298e-03   2.1046975e-02   8.6231908e-02
   4.8390233e-02   4.8390233e-02   1.6513413e-03   2.3934090e-02   8.5297258e-02
   7.4519630e-02   7.4519630e-02   1.5152913e-03   2.0685732e-02   8.8174846e-02
   0.0000000e+00   0.0000000e+00   5.9232808e-03   5.5421134e-02   1.6229532e-01
   2.0791944e-02   2.0791944e-02   1.4394479e-02   8.6837262e-01   1.2873672e+00
