   7.6833909e-01   7.6833909e-01   3.5041321e-03   1.1252790e-03   3.4434498e-03
   7.8127585e-01   7.8127585e-01   3.5683402e-03   1.6860598e-03   6.3551926e-03
   5.1594712e-01   5.1594712e-01   2.0138215e-03   1.8407445e-03   6.6346821e-03
   7.1954361e-01   7.1954361e-01   3.5359351e-03   1.8480834e-03   5.2619567e-03
   4.3391729e-01   4.3391729e-01   5.1661872e-03   1.7264902e-03   5.7942725e-03
   0.0000000e+00   0.0000000e+00   1.4176816e-03   3.4317192e-03   1.0280895e-02
   0.0000000e+00   0.0000000e+00  -2.9730017e-03   7.1487819e-03   2.3110334e-02
   0.0000000e+00   0.0000000e+00  -3.2257693e-03   1.7188180e-01   2.5661212e-01
   0.0000000e+00   0.0000000e+00  -5.5690520e-03   2.5153748e-01   3.7527254e-01
   0.0000000e+00   0.0000000e+00  -7.4234170e-03   2.3865010e-01   3.5773265e-01
   0.0000000e+00   0.0000000e+00  -6.6334507e-03   1.1679321e-01   1.9424049e-01
   0.0000000e+00   0.0000000e+00  -5.3539079e-03   1.0451551e-02   4.2668876e-02
   0.0000000e+00   0.0000000e+00  -3.6584979e-04   1.0776453e-02   5.7375775e-02
   0.0000000e+00   0.0000000e+00   3.1923270e-03   1.3180529e-02   5.0751972e-02
   6.9436972e-01   6.9436972e-01   1.2644350e-02   1.8392415e-02   5.1676231e-02
   0.0000000e+00   0.0000000e+00   3.0269020e-03   1.8385874e-02   5.3643026e-02
   0.0000000e+00   0.0000000e+00  -5.1250184e-03   1.5164936e-02   5.4178600e-02
   0.0000000e+00   0.0000000e+00  -4.4897850e-03   1.0606288e-02   4.2336624e-02
   0.0000000e+00   0.0000000e+00  -8.2427379e-04   1.6813553e-02   5.7023338e-02
   0.0000000e+00   0.0000000e+00   5.5345593e-03   2.1803496e-02   8.4341635e-02
   0.0000000e+00   0.0000000e+00   5.6767009e-03   2.0747575e-02   7.9499155e-02
   0.0000000e+00   0.0000000e+00   8.8787311e-03   2.6710916e-02   8.7718724e-02
   0.0000000e+00   0.0000000e+00   1.0480627e-02   3.3445598e-02   1.0217626e-01
   0.0000000e+00   0.0000000e+00   1.5098069e-02   5.3783764e-02   1.7813009e-01
   0.0000000e+00   0.0000000e+00   1.7876137e-02   4.7259779e-02   1.6366351e-01
   0.0000000e+00   0.0000000e+00   1.7001952e-02   4.8221274e-02   1.4908427e-01
   0.0000000e+00   0.0000000e+00   1.9525893e-02   5.2696422e-02   1.4766614e-01
   0.0000000e+00   0.0000000e+00   1.6055387e-02   5.0906414e-02   1.4135797e-01
   0.0000000e+00   0.0000000e+00   1.6474495e-02   5.2597077e-02   1.5008818e-01
   0.0000000e+00   0.0000000e+00   2.4964363e-02   5.1826519e-02   1.7350126e-01
   0.0000000e+00   0.0000000e+00   2.3199265e-02   7.2409849e-02   1.8245382e-01
   2.4878933e-01   2.4878933e-01   2.3302094e-02   6.1084768e-02   1.4580268e-01
   3.5925561e-01   3.5925561e-01   2.3436865e-02   7.0951589e-02   1.9513098e-01
   5.8423996e-01   5.8423996e-01   2.5981792e-02   6.2720354e-02   1.7802597e-01
   6.4815632e-01   6.4815632e-01   2.7460236e-02   1.0939340e-01   3.0987209e-01
   7.8089213e-01   7.8089213e-01   2.7838929e-02   9.3793897e-02   2.7852855e-01
   0.0000000e+00   0.0000000e+00   4.9898166e-03   1.2969853e-01   3.2275642e-01
