   0.0000000e+00   0.0000000e+00  -9.9712845e-03   2.1886657e-03   3.7165721e-02
   0.0000000e+00   0.0000000e+00  -1.0419462e-02   3.0499142e-03   4.1099876e-02
   1.1774864e-01   1.1774864e-01  -3.6288641e-03   3.2315685e-03   2.1669075e-02
   0.0000000e+00   0.0000000e+00  -7.8194954e-03   3.2195484e-03   3.2993380e-02
   7.2813994e-01   7.2813994e-01   4.9169288e-03   2.5592484e-03   3.1262363e-03
   7.0357964e-01   7.0357964e-01   1.1402566e-02   3.1977108e-03   2.3799080e-04
   9.8384424e-01   9.8384424e-01   3.3786244e-02   4.3017034e-03  -1.7614023e-02
   7.6218015e-01   7.6218015e-01   2.3159965e-02   1.5598749e-02   3.3327703e-02
   1.0035460e+00   1.0035460e+00   4.0104525e-02   1.4842520e-02   4.1678081e-02
   8.7783375e-01   8.7783375e-01   3.7010665e-02   1.2432374e-02   1.6678147e-02
   8.4050737e-01   8.4050737e-01   3.3585949e-02   1.7256005e-02   1.5071093e-02
   7.3445501e-01   7.3445501e-01   2.6222777e-02   1.8797865e-01   2.4771801e-01
   1.2026562e+00   1.2026562e+00   4.2332653e-02   2.1728802e-01   2.7678537e-01
   1.1544045e+00   1.1544045e+00   3.1945122e-02   1.8548837e-01   2.4878576e-01
   1.1297459e+00   1.1297459e+00   1.1421083e-02   8.5345077e-02   1.4624252e-01
   1.3020339e+00   1.3020339e+00   4.2706326e-02   1.0802036e-02  -7.2232619e-03
   1.2872248e+00   1.2872248e+00   5.7907298e-02   9.4330788e-03  -2.6580289e-02
   1.2248511e+00   1.2248511e+00   5.2130178e-02   1.1141971e-02  -1.5422723e-02
   1.2291775e+00   1.2291775e+00   4.5104522e-02   2.1191189e-02   4.3878210e-03
   1.3316005e+00   1.3316005e+00   3.9930649e-02   1.1120618e-01   1.5689563e-01
   1.2621891e+00   1.2621891e+00   3.4468082e-02   1.9520378e-01   2.5962940e-01
   1.4551929e+00   1.4551929e+00   4.3148726e-02   2.7834250e-01   4.0864321e-01
   1.4270065e+00   1.4270065e+00   3.7608337e-02   3.3035701e-01   4.5444756e-01
   1.7890057e+00   1.7890057e+00   6.1858087e-02   3.7002855e-01   4.9207785e-01
   1.7460268e+00   1.7460268e+00   5.1932078e-02   3.9293650e-01   5.3037515e-01
   1.7073141e+00   1.7073141e+00   4.9835301e-02   4.0594903e-01   5.6535939e-01
   1.7060988e+00   1.7060988e+00   4.4668101e-02   3.9107694e-01   5.5417284e-01
   1.6297461e+00   1.6297461e+00   4.4283388e-02   2.7322251e-01   4.2500429e-01
   1.6174436e+00   1.6174436e+00   4.2296176e-02   1.2705440e-01   1.5771836e-01
   1.8716768e+00   1.8716768e+00   5.0829841e-02   3.5009195e-02   4.7128591e-02
   1.8081216e+00   1.8081216e+00   4.7633447e-02   3.1614828e-02   5.0289766e-02
   1.7829113e+00   1.7829113e+00   4.4823926e-02   3.7979248e-02   6.0271233e-02
   1.7692787e+00   1.7692787e+00   4.3161563e-02   2.9036203e-02   3.5553901e-02
   1.8088680e+00   1.8088680e+00   4.2146040e-02   4.0490615e-02   6.5918097e-02
   1.8435952e+00   1.8435952e+00   4.2837332e-02   5.2798258e-02   1.2535924e-01
   1.8060518e+00   1.8060518e+00   3.8138957e-02   5.2131916e-02   1.4687196e-01
   3.1105113e+00   3.1105113e+00   2.6830156e-01   1.0581354e+00   1.9105608e+00
