   7.6833909e-01   7.6833909e-01   5.6799157e-03   1.2902032e-03   4.2714192e-03
   7.8127585e-01   7.8127585e-01   5.0557949e-03   3.1864639e-03   8.9649026e-03
   5.1594712e-01   5.1594712e-01  -2.4688697e-03   2.1555580e-03   1.2457698e-02
   7.1954361e-01   7.1954361e-01  -4.1169158e-03   3.8691483e-03   2.0276345e-02
   4.3391729e-01   4.3391729e-01  -9.7977100e-04   2.4706098e-03   1.0211947e-02
   0.0000000e+00   0.0000000e+00   4.6381868e-03   3.9602516e-03   1.0606496e-02
   0.0000000e+00   0.0000000e+00  -4.7005711e-03   7.8895693e-03   2.9836721e-02
   0.0000000e+00   0.0000000e+00   7.0867552e-03   1.7832284e-01   2.5753047e-01
   0.0000000e+00   0.0000000e+00   4.0124128e-05   2.5932942e-01   3.7301446e-01
   0.0000000e+00   0.0000000e+00  -1.6793667e-03   2.4644916e-01   3.5594627e-01
   0.0000000e+00   0.0000000e+00  -3.0792219e-03   1.2004565e-01   2.0080629e-01
   0.0000000e+00   0.0000000e+00   1.9651307e-02   1.9884256e-02   5.2582297e-02
   0.0000000e+00   0.0000000e+00   1.4812629e-02   1.8620463e-02   6.3019837e-02
   0.0000000e+00   0.0000000e+00   2.1497290e-02   2.0117161e-02   5.8010348e-02
   6.9436972e-01   6.9436972e-01   3.4105898e-02   2.3749679e-02   6.0327706e-02
   0.0000000e+00   0.0000000e+00   1.2788807e-02   1.8096832e-02   5.2671133e-02
   0.0000000e+00   0.0000000e+00   4.4263074e-03   1.5097493e-02   3.9444539e-02
   0.0000000e+00   0.0000000e+00   5.3239216e-03   1.0754809e-02   2.8714532e-02
   0.0000000e+00   0.0000000e+00   8.3737908e-03   1.7359125e-02   5.8315288e-02
   0.0000000e+00   0.0000000e+00   1.8347020e-02   2.5139989e-02   8.6694357e-02
   0.0000000e+00   0.0000000e+00   3.4480812e-02   3.1569456e-02   8.5090681e-02
   0.0000000e+00   0.0000000e+00   2.9325580e-02   3.2560751e-02   9.7954347e-02
   0.0000000e+00   0.0000000e+00   3.1465687e-02   3.7686990e-02   1.2162878e-01
   0.0000000e+00   0.0000000e+00   2.5995951e-02   5.5934284e-02   1.9758872e-01
   0.0000000e+00   0.0000000e+00   2.7556408e-02   4.9749334e-02   1.5209594e-01
   0.0000000e+00   0.0000000e+00   2.7310867e-02   5.1547653e-02   1.7234672e-01
   0.0000000e+00   0.0000000e+00   3.9345045e-02   5.2842427e-02   1.7416758e-01
   0.0000000e+00   0.0000000e+00   3.7841151e-02   5.2224267e-02   1.4817507e-01
   0.0000000e+00   0.0000000e+00   3.5509777e-02   5.3432521e-02   1.6195863e-01
   0.0000000e+00   0.0000000e+00   3.4363233e-02   5.2781772e-02   1.8032023e-01
   0.0000000e+00   0.0000000e+00   3.2484107e-02   7.3706563e-02   1.9030139e-01
   2.4878933e-01   2.4878933e-01   3.2621214e-02   6.1760657e-02   1.4946973e-01
   3.5925561e-01   3.5925561e-01   3.2525708e-02   7.2051280e-02   1.9835697e-01
   5.8423996e-01   5.8423996e-01   3.5182070e-02   6.3863346e-02   1.8662782e-01
   6.4815632e-01   6.4815632e-01   3.5370285e-02   1.1228941e-01   3.1702915e-01
   7.8089213e-01   7.8089213e-01   3.6568871e-02   9.6371915e-02   2.8471787e-01
   0.0000000e+00   0.0000000e+00   4.0830829e-03   1.0442685e-01   2.7928411e-01
