   4.4673514e-01   4.4673514e-01  -5.6197174e-03   2.6138236e-03   2.7136694e-02
   3.0451200e-01   3.0451200e-01  -7.4445523e-03   5.9941139e-03   3.8526448e-02
   0.0000000e+00   0.0000000e+00  -1.2594246e-02   3.7287466e-03   5.0677818e-02
   0.0000000e+00   0.0000000e+00  -2.3125197e-02   6.0768882e-03   8.4657985e-02
   0.0000000e+00   0.0000000e+00  -7.3749876e-03   3.5028250e-03   3.3815677e-02
   9.7103368e-01   9.7103368e-01   1.7843576e-02   3.2276848e-03  -4.6436554e-03
   8.5304921e-01   8.5304921e-01   3.0331105e-02   3.4798479e-03  -2.0544049e-02
   1.4195429e+00   1.4195429e+00   4.3785014e-02   1.2205661e-02   1.2276253e-02
   1.3368560e+00   1.3368560e+00   5.1322877e-02   1.5976253e-02   4.0803631e-03
   1.2527684e+00   1.2527684e+00   4.8498766e-02   1.2819829e-02   1.0115694e-03
   1.0957857e+00   1.0957857e+00   4.0694407e-02   1.5394475e-02   7.4453506e-03
   2.0042329e+00   2.0042329e+00   7.6233206e-02   2.1625222e-01   2.6150233e-01
   1.8860762e+00   1.8860762e+00   7.2689612e-02   2.3994250e-01   2.6635209e-01
   1.9693546e+00   1.9693546e+00   6.8555048e-02   2.1567556e-01   2.7687484e-01
   2.0642253e+00   2.0642253e+00   5.4344178e-02   9.6294229e-02   1.3718951e-01
   1.7472550e+00   1.7472550e+00   6.2230137e-02   1.1306752e-02  -2.4010545e-02
   1.7277933e+00   1.7277933e+00   7.7009949e-02   1.0434454e-02  -4.1998988e-02
   1.6926524e+00   1.6926524e+00   7.1757591e-02   1.2571072e-02  -3.7312046e-02
   1.6703504e+00   1.6703504e+00   6.3500651e-02   2.3182746e-02  -1.5107072e-02
   1.8854746e+00   1.8854746e+00   6.5555570e-02   1.2186646e-01   1.7634648e-01
   2.3662136e+00   2.3662136e+00   9.2076304e-02   2.2410060e-01   2.5332712e-01
   2.2273685e+00   2.2273685e+00   8.4042424e-02   2.8937419e-01   3.3192696e-01
   2.2259339e+00   2.2259339e+00   7.9578457e-02   3.4415522e-01   4.2008792e-01
   2.1716656e+00   2.1716656e+00   8.3653851e-02   3.8201273e-01   4.7140567e-01
   2.0963932e+00   2.0963932e+00   7.1292620e-02   4.0478499e-01   5.1624017e-01
   2.0853304e+00   2.0853304e+00   7.0453132e-02   4.1973565e-01   5.4454053e-01
   2.3805592e+00   2.3805592e+00   8.4306406e-02   4.0366174e-01   5.2005049e-01
   2.3845046e+00   2.3845046e+00   8.7854915e-02   2.8596759e-01   3.1604342e-01
   2.2942098e+00   2.2942098e+00   8.0366740e-02   1.3403437e-01   1.5837143e-01
   2.1932381e+00   2.1932381e+00   6.9627580e-02   4.0102642e-02   3.7701684e-02
   2.1355480e+00   2.1355480e+00   6.6203132e-02   3.5911357e-02   3.7256530e-02
   2.1153726e+00   2.1153726e+00   6.3462166e-02   4.2848627e-02   4.7123682e-02
   2.0962707e+00   2.0962707e+00   6.1339251e-02   3.2030763e-02   2.9037555e-02
   2.1334255e+00   2.1334255e+00   6.0546597e-02   4.4141108e-02   4.2020025e-02
   2.1210633e+00   2.1210633e+00   5.8657430e-02   5.5574318e-02   9.9943900e-02
   2.1156355e+00   2.1156355e+00   5.5598840e-02   5.4559859e-02   1.4946149e-01
   3.0901747e+00   3.0901747e+00   2.6648810e-01   1.0930422e+00   2.0489709e+00
